h =

   0.72077
   0.86163
   0.77867
   0.44034
   0.21634
   0.28469
   0.62749
   0.84743
   0.82653
   0.55040
   0.24735
   0.23597
   0.51824
   0.81512
   0.85322
   0.65659
   0.30368
   0.21165
   0.41063
   0.76032

J =  0.76584
grad =

   0.15835
   0.22155
  -0.10491


== [ml-class] Submitted Assignment 2 - Part 2 - Logistic Regression Cost
== Nice work!
