mumatrix =

   2000.6809      3.1702
   2000.6809      3.1702
   2000.6809      3.1702
   2000.6809      3.1702
   2000.6809      3.1702
   2000.6809      3.1702
   2000.6809      3.1702
   2000.6809      3.1702
   2000.6809      3.1702
   2000.6809      3.1702
   2000.6809      3.1702
   2000.6809      3.1702
   2000.6809      3.1702
   2000.6809      3.1702
   2000.6809      3.1702
   2000.6809      3.1702
   2000.6809      3.1702
   2000.6809      3.1702
   2000.6809      3.1702
   2000.6809      3.1702
   2000.6809      3.1702
   2000.6809      3.1702
   2000.6809      3.1702
   2000.6809      3.1702
   2000.6809      3.1702
   2000.6809      3.1702
   2000.6809      3.1702
   2000.6809      3.1702
   2000.6809      3.1702
   2000.6809      3.1702
   2000.6809      3.1702
   2000.6809      3.1702
   2000.6809      3.1702
   2000.6809      3.1702
   2000.6809      3.1702
   2000.6809      3.1702
   2000.6809      3.1702
   2000.6809      3.1702
   2000.6809      3.1702
   2000.6809      3.1702
   2000.6809      3.1702
   2000.6809      3.1702
   2000.6809      3.1702
   2000.6809      3.1702
   2000.6809      3.1702
   2000.6809      3.1702
   2000.6809      3.1702

